# avg	std	min	max
5.35663 0.00000 5.35663 5.35663
5.80547 0.00000 5.80547 5.80547
-0.01059 0.00000 -0.01059 -0.01059
1.75507 0.00000 1.75507 1.75507
4.40783 0.00000 4.40783 4.40783
5.76292 0.00000 5.76292 5.76292
5.55694 0.00000 5.55694 5.55694
4.98713 0.00000 4.98713 4.98713
5.14377 0.00000 5.14377 5.14377
4.92578 0.00000 4.92578 4.92578
4.77324 0.00000 4.77324 4.77324
4.84595 0.00000 4.84595 4.84595
5.49793 0.00000 5.49793 5.49793
5.70091 0.00000 5.70091 5.70091
5.46110 0.00000 5.46110 5.46110
5.58260 0.00000 5.58260 5.58260
5.28670 0.00000 5.28670 5.28670
5.42945 0.00000 5.42945 5.42945
6.29631 0.00000 6.29631 6.29631
4.57885 0.00000 4.57885 4.57885
