# avg	std	min	max
3.18638 0.00000 3.18638 3.18638
3.21246 0.00000 3.21246 3.21246
4.59296 0.00000 4.59296 4.59296
3.17078 0.00000 3.17078 3.17078
0.01645 0.00000 0.01645 0.01645
4.89029 0.00000 4.89029 4.89029
2.76148 0.00000 2.76148 2.76148
1.71112 0.00000 1.71112 1.71112
2.11273 0.00000 2.11273 2.11273
0.44782 0.00000 0.44782 0.44782
0.63022 0.00000 0.63022 0.63022
3.58467 0.00000 3.58467 3.58467
8.53342 0.00000 8.53342 8.53342
2.99679 0.00000 2.99679 2.99679
2.68979 0.00000 2.68979 2.68979
4.23301 0.00000 4.23301 4.23301
3.34057 0.00000 3.34057 3.34057
1.45892 0.00000 1.45892 1.45892
-0.17086 0.00000 -0.17086 -0.17086
1.03363 0.00000 1.03363 1.03363
