# avg	std	min	max
5.35663 0.08945 5.19847 5.46379
5.80547 0.09218 5.62533 5.87987
-0.01059 0.02473 -0.03602 0.03234
1.75507 0.08237 1.62678 1.87677
4.40783 0.03594 4.37428 4.47635
5.76292 0.03935 5.69130 5.80540
5.55694 0.08288 5.40241 5.64726
4.98713 0.03718 4.92465 5.03862
5.14377 0.02842 5.09643 5.17931
4.92578 0.25840 4.63655 5.31549
4.77324 0.03171 4.74056 4.82525
4.84595 0.06249 4.76560 4.95714
5.49793 0.03266 5.46078 5.53981
5.70091 0.09796 5.50840 5.78313
5.46110 0.12572 5.34302 5.62785
5.58260 0.01402 5.56825 5.60920
5.28670 0.03090 5.24274 5.32309
5.42945 0.02521 5.38520 5.46359
6.29631 0.12514 6.13430 6.44485
4.57885 0.03154 4.52836 4.62155
