# avg	std	min	max
3.18638 0.03800 3.14101 3.24651
3.21246 0.05659 3.12569 3.28130
4.59296 0.09104 4.52480 4.76094
3.17078 0.02583 3.13581 3.20712
0.01645 0.04689 -0.06565 0.07790
4.89029 0.04004 4.83483 4.93621
2.76148 0.04993 2.67173 2.82092
1.71112 0.06296 1.62089 1.81598
2.11273 0.17149 1.89900 2.34427
0.44782 0.09940 0.29298 0.60371
0.63022 0.06552 0.56169 0.75271
3.58467 0.04223 3.54600 3.64142
8.53342 0.02401 8.51014 8.57174
2.99679 0.06661 2.91227 3.11640
2.68979 0.06492 2.58792 2.78736
4.23301 0.03180 4.20066 4.28864
3.34057 0.03524 3.29581 3.38875
1.45892 0.08838 1.34716 1.60023
-0.17086 0.51388 -0.69395 0.68222
1.03363 0.37136 0.67334 1.59697
