83	154	1.7012475	244
19	65	1.7095728	245
97	159	1.8534526	246
92	133	1.8612441	247
165	181	1.8670276	248
101	240	1.9131055	249
103	105	1.9466776	250
96	182	1.9537272	251
46	78	1.9619104	252
55	246	1.9755399	253
8	17	1.9867586	254
119	150	1.9972587	255
175	228	1.9990578	256
10	18	2.00625	257
47	233	2.0115638	258
134	194	2.0362763	259
52	66	2.0463352	260
185	206	2.0478892	261
56	58	2.048405	262
151	213	2.0537815	263
163	198	2.057753	264
95	211	2.0622344	265
59	82	2.0628023	266
24	37	2.085933	267
27	31	2.0863423	268
64	199	2.0898764	269
54	61	2.1001382	270
50	63	2.101385	271
14	34	2.1021996	272
137	157	2.102801	273
23	110	2.1102333	274
84	234	2.1372845	275
135	156	2.1372888	276
121	128	2.1377451	277
148	222	2.1442032	278
126	152	2.1542926	279
162	215	2.156316	280
4	12	2.161071	281
143	164	2.1864638	282
220	255	2.186473	283
2	67	2.1865036	284
87	208	2.1909847	285
42	231	2.1954942	286
41	60	2.1976128	287
116	155	2.2101095	288
124	130	2.220415	289
178	205	2.223804	290
36	245	2.2299504	291
69	260	2.236803	292
6	13	2.24721	293
153	177	2.2641435	294
107	227	2.2709463	295
53	286	2.279675	296
40	70	2.2841718	297
68	188	2.2947137	298
106	214	2.2963696	299
171	269	2.3032742	300
127	161	2.3081262	301
90	224	2.308391	302
29	48	2.3090873	303
201	241	2.3411987	304
180	193	2.3452575	305
79	186	2.349908	306
204	225	2.3621707	307
80	89	2.3656256	308
76	88	2.3656378	309
243	250	2.3720624	310
74	85	2.3908575	311
109	117	2.3919432	312
226	294	2.40003	313
38	98	2.4155474	314
158	263	2.4181023	315
51	123	2.422938	316
129	166	2.4326656	317
172	270	2.4334624	318
16	21	2.435956	319
86	118	2.5100155	320
113	184	2.529625	321
22	26	2.5785582	322
35	44	2.6138237	323
45	111	2.6151178	324
112	147	2.6196785	325
145	160	2.6208577	326
131	238	2.6256645	327
3	216	2.6430895	328
81	267	2.657609	329
99	203	2.6616943	330
7	272	2.6655116	331
102	207	2.6847398	332
15	274	2.6869779	333
138	239	2.6961932	334
75	283	2.7203064	335
5	11	2.7213922	336
209	229	2.7758136	337
25	284	2.7789893	338
176	257	2.838051	339
104	295	2.8812618	340
262	292	2.8861008	341
71	306	2.8862624	342
73	291	2.8974583	343
62	77	2.8982396	344
139	223	2.9222355	345
108	140	2.9473162	346
20	49	3.0234084	347
266	318	3.0740125	348
212	219	3.0977087	349
114	337	3.1031156	350
249	304	3.1635735	351
298	335	3.1755173	352
1	72	3.1766217	353
93	251	3.2483284	354
196	299	3.2868872	355
141	288	3.2996588	356
308	341	3.3041673	357
210	289	3.3175464	358
258	265	3.32846	359
125	311	3.346692	360
281	328	3.3642113	361
197	320	3.366209	362
242	279	3.4000897	363
94	195	3.4195013	364
230	301	3.4633474	365
136	296	3.4709966	366
168	221	3.4722674	367
259	367	3.5273294	368
312	357	3.6222072	369
30	319	3.6750236	370
273	327	3.6785877	371
39	189	3.688342	372
115	317	3.704842	373
271	323	3.7165074	374
338	361	3.7369416	375
340	348	3.7429533	376
202	244	3.751389	377
144	277	3.7720332	378
248	302	3.7854524	379
174	282	3.7937493	380
146	334	3.7970548	381
232	329	3.7975295	382
28	316	3.8206563	383
235	290	3.8536327	384
200	309	3.8989656	385
276	346	3.9108691	386
43	285	3.9150448	387
57	254	3.9468832	388
142	331	3.9529965	389
303	326	3.9689283	390
218	369	3.996527	391
122	350	4.013387	392
9	343	4.0286503	393
300	364	4.116897	394
183	333	4.175085	395
190	363	4.2282896	396
179	321	4.233767	397
169	352	4.258515	398
170	345	4.264261	399
336	339	4.2654552	400
307	358	4.278914	401
247	365	4.2917886	402
132	330	4.3004847	403
33	314	4.306699	404
268	372	4.343652	405
167	355	4.396431	406
187	325	4.4713826	407
322	347	4.4741545	408
370	390	4.4833283	409
32	256	4.4932117	410
275	360	4.502554	411
305	380	4.5618114	412
362	391	4.5894856	413
344	366	4.6016626	414
332	368	4.630704	415
359	387	4.747961	416
252	287	4.767141	417
375	408	4.8609467	418
397	413	4.868659	419
376	402	5.0327215	420
389	404	5.1608324	421
342	371	5.256996	422
382	395	5.2821136	423
399	401	5.3228393	424
120	353	5.3243847	425
351	396	5.379678	426
237	310	5.419012	427
377	394	5.4226174	428
149	398	5.425948	429
253	393	5.555313	430
354	379	5.583902	431
278	356	5.6135564	432
173	386	5.6633625	433
349	411	5.703918	434
378	385	5.8526263	435
420	432	5.9835544	436
406	429	6.1110487	437
416	419	6.2687583	438
374	403	6.433149	439
418	421	6.4730783	440
381	424	6.488257	441
324	425	6.587463	442
91	405	6.809654	443
191	373	6.8264136	444
392	427	6.8653126	445
293	400	6.9195085	446
422	435	6.945385	447
423	433	7.002223	448
217	438	7.469827	449
236	407	7.483622	450
440	446	7.5481324	451
192	412	7.551973	452
434	436	7.7423673	453
431	441	7.788167	454
261	454	8.022025	455
100	410	8.164641	456
409	443	8.237076	457
388	415	8.313621	458
383	417	8.318231	459
445	447	8.459913	460
384	428	8.496063	461
315	455	9.043672	462
430	452	9.103466	463
297	442	9.28159	464
437	453	9.348828	465
280	450	9.585468	466
448	458	10.288208	467
414	461	10.300723	468
313	449	10.408918	469
264	459	10.461771	470
451	456	10.6133375	471
426	460	10.756967	472
462	466	10.804185	473
464	470	11.418057	474
439	444	11.479148	475
472	473	12.376578	476
463	475	12.66184	477
467	471	13.151807	478
457	478	14.54998	479
477	479	15.805376	480
465	476	16.049383	481
474	480	21.269234	482
469	481	22.001589	483
468	483	28.708708	484
482	484	38.737774	485
