# Tunnel-lining atoms (atoms wihtin the 3.0 A distnace from individual tunnels)
== Tunnel cluster 1 ==
564 566 567 569 570 571 572 573 574 575 576 577 578 579 580 581 582 583 584 585 586 587 589 593 605 1593 1594 1595 1596 1603 1604 1605 1606 1607 1608 1609 1610 1611 1613 1614 1615 1617 1618 1620 1621 1622 1623 1624 1625 1626 1627 1634 1981 1983 1987 1988 1991 2015 2022 2023 2024 2025 2026 2027 2028 2174 2175 2176 2177 2178 2179 2180 2181 2182 2183 2184 2185 2186 2188 2191 2192 2193 2194 2195 2196 2197 2198 2199 2200 2201 2204 2220 2222 2223 2224 2225 2226 2227 2228 2229 2230 2231 2232 2233 2234 2235 2236 2237 2238 2239 2240 2241 2242 2243 2244 2245 2246 2247 2248 2249 2250 2251 2252 2272 2274 2275 2278 2279 2280 2287 2289 2290 2291 2292 2293 2294 2295 2296 2297 2298 2299 2300 2301 2302 2303 2304 2305 2306 2307 2308 2309 2310 2311 2312 2313 2314 2315 2316 2317 2318 2319 2320 2321 2357 2358 2360 2361 2362 2363 2364 2365 2366 2367 2506 2594 2596 2597 2598 2599 2600 2601 2602 2604 2605 2606 2609 2610 2611 2612 2613 2614 2615 2616 2617 2618 2619 2620 2621 2654 2655 2656 2657 2658 2659 2660 2661 2662 2663 2664 2665 2666 2667 2668 2669 2670 2671 2672 2673 2674 2675 2676 2677 2678 2682 2683 2685 2690 2691 2706 2707 2708 2709 2710 2711 2712 2713 2714 2715 2716 2717 2718 2719 2720 2721 2722 2723 2724 2725 2726 2727 2728 2729 2730 2731 2732 2733 2734 2735 2736 2737 2738 2739 2740 3182 3231 3233 3234 3235 3236 3237 3238 3239 3240 3247 3248 3249 3250 3251 3252 3253 3254 3255 3256 3257 3258 3259 3260 3261 3262 3263 3264 3296 3298 3299 3300 3301 3302 3303 3304 3305 3306 3307 3308 3309 3310 3340 3341 3342 3343 3850 3851 3853 3854 3855 3856 3857 3858 3859 3860 3861 3862 3863 3864 3865 3866 3867 3868 3869 3870 3871 3872 3873 3874 3875 3876 3877 3878 3879 3880 3881 3882 3883 4228 4229 4230 4231 4232 4233 4234 4235 4236 4237 4238 4239 4240 4241 4242 4243 4244 4245 4246 4247 4248 4249 4250 4251 4252 4253 4254 4255 4256 4257 4258 4259 4260 4262 4263 4269 4270 4271 4272 4273 4274 4275 4276 4277 4278 4279 
== Tunnel cluster 2 ==
564 566 567 569 570 571 572 573 574 575 576 577 578 579 580 581 582 583 584 585 586 1595 1596 1603 1604 1605 1606 1607 1608 1609 1610 1611 1613 1614 1615 1617 1618 1620 1621 1622 1623 1624 1625 1626 1627 1634 1981 1983 1987 1988 1991 1994 2010 2011 2012 2013 2014 2015 2016 2017 2018 2019 2020 2021 2022 2023 2024 2025 2026 2027 2028 2029 2030 2031 2032 2033 2034 2035 2036 2037 2038 2039 2040 2041 2042 2043 2044 2045 2046 2047 2048 2049 2050 2051 2052 2053 2054 2055 2065 2066 2067 2068 2069 2070 2071 2072 2073 2074 2075 2076 2077 2078 2079 2080 2081 2082 2083 2084 2085 2089 2090 2150 2151 2152 2154 2155 2156 2157 2158 2159 2160 2161 2162 2163 2164 2165 2166 2167 2168 2169 2170 2171 2172 2173 2174 2175 2176 2177 2178 2179 2180 2181 2182 2183 2184 2185 2186 2187 2188 2189 2190 2191 2192 2193 2194 2195 2196 2197 2198 2199 2200 2201 2202 2203 2204 2228 2229 2230 2231 2232 2233 2234 2235 2236 2237 2240 2241 2242 2243 2244 2245 2246 2247 2248 2249 2250 2251 2300 2307 2308 2309 2310 2311 2312 2313 2314 2315 2316 2317 2318 2319 2320 2364 2365 2366 2367 2609 2610 2611 2612 2613 2614 2615 2616 2617 2618 2665 2666 2667 2668 2669 2670 2671 2672 2673 2676 2730 2732 2733 2734 2735 2736 3231 3233 3234 3235 3236 3237 3238 3239 3240 3247 3248 3249 3250 3251 3252 3253 3254 3255 3256 3257 3258 3259 3260 3261 3262 3263 3264 3296 3297 3298 3299 3300 3301 3302 3303 3304 3305 3306 3307 3308 3309 3310 3311 3313 3314 3315 3316 3317 3318 3319 3320 3323 3325 3326 3331 3336 3337 3338 3339 3340 3341 3342 3343 3843 3846 3849 3850 3851 3852 3853 3854 3855 3856 3857 3858 3859 3860 3861 3862 3863 3864 3865 3866 3867 3868 3869 3870 3871 3872 3873 3874 3875 3876 3877 3878 3879 3880 3881 3882 3883 3884 3885 3886 3887 3888 3889 3896 3897 3898 3900 3901 3902 3903 3904 3905 3906 3907 3908 3909 3910 3911 3912 3913 3914 3915 3916 3938 3947 3948 3949 3950 3951 3953 3954 3955 3999 4247 4248 4249 4250 4251 4252 4253 4254 4255 4256 4257 4258 4259 4260 4270 4271 4272 4273 4274 4275 4276 4277 4278 
== Tunnel cluster 3 ==
564 566 567 569 570 571 572 573 574 575 576 577 578 579 580 581 582 583 584 585 586 587 589 1593 1594 1603 1604 1605 1606 1607 1608 1609 1610 1613 1614 1617 1620 1621 1622 1623 1624 1625 1626 1627 1634 2022 2023 2025 2026 2027 2028 2180 2181 2182 2183 2184 2231 2244 2245 2246 2247 2293 2294 2295 2297 2298 2299 2300 2310 2311 2312 2313 2314 2315 2316 2317 2318 2319 2320 2354 2357 2358 2359 2360 2361 2362 2363 2364 2365 2366 2367 2494 2496 2497 2498 2499 2501 2502 2503 2505 2506 2508 2509 2510 2511 2512 2513 2514 2515 2516 2517 2518 2519 2520 2521 2522 2523 2524 2525 2526 2527 2528 2590 2591 2592 2593 2594 2595 2596 2597 2598 2599 2600 2601 2602 2603 2604 2605 2606 2607 2608 2609 2610 2611 2612 2613 2614 2615 2616 2617 2618 2619 2620 2621 2622 2623 2654 2655 2656 2657 2658 2660 2661 2663 2664 2665 2666 2667 2668 2669 2670 2671 2672 2673 2674 2675 2676 2677 2678 2690 2691 2712 2714 2716 2718 2720 2728 2729 2730 2731 2732 2733 2734 2735 2736 3233 3235 3236 3237 3238 3249 3250 3251 3252 3254 3255 3256 3257 3258 3259 3260 3261 3262 3298 3299 3301 3303 3304 3305 3306 3307 3308 3309 3310 3855 3856 3857 3858 3859 3860 3861 3862 3863 3876 3877 3878 3879 3880 3881 3882 3883 4247 4249 4250 4251 4252 4253 4254 4255 4256 4257 4258 4259 4260 4269 4270 4271 4272 4273 4274 4275 4276 4277 4278 4279 
== Tunnel cluster 4 ==
569 570 571 573 574 575 576 577 578 579 580 581 582 1603 1604 1605 1606 1608 1609 1610 1611 1613 1614 1617 1620 1621 1622 1623 1624 1625 1626 1627 1634 2010 2011 2012 2014 2015 2016 2017 2018 2019 2020 2021 2022 2023 2024 2025 2026 2027 2028 2029 2030 2031 2032 2033 2034 2035 2037 2038 2039 2040 2041 2053 2054 2055 2056 2057 2058 2059 2060 2061 2062 2063 2064 2065 2066 2067 2068 2069 2070 2071 2072 2073 2074 2075 2076 2079 2080 2081 2082 2083 2084 2085 2086 2087 2091 2094 2097 2179 2180 2181 2182 2183 2184 2185 2186 2187 2188 2310 2311 2313 2315 2316 2317 2318 2319 2320 2610 2612 2613 2614 2615 2616 2617 2618 3233 3235 3236 3237 3249 3250 3251 3252 3254 3255 3257 3258 3259 3260 3261 3262 3263 3296 3297 3298 3299 3300 3301 3302 3303 3304 3305 3306 3307 3308 3309 3310 3311 3312 3313 3314 3315 3316 3317 3318 3319 3320 3321 3322 3323 3324 3325 3326 3327 3329 3330 3331 3337 3338 3339 3340 3342 3425 3433 3434 3435 3436 3437 3438 3439 3440 3441 3442 3443 3444 3445 3446 3447 3448 3449 3450 3451 3452 3453 3454 3459 3462 3480 3481 3482 3483 3484 3485 3486 3487 3488 3489 3490 3491 3492 3493 3494 3495 3496 3497 3498 3499 3500 3501 3502 3503 3504 3505 3506 3507 3508 3509 3857 3858 3869 3870 3871 3872 3873 3874 3875 3876 3877 3878 3879 3880 3881 3882 3883 3884 3885 4252 4253 4255 4256 4257 4258 4259 4275 4276 
== Tunnel cluster 5 ==
564 566 567 569 570 571 572 573 574 575 576 577 578 579 580 581 582 1200 1201 1202 1203 1204 1205 1206 1207 1208 1209 1210 1211 1212 1213 1267 1268 1603 1604 1605 1606 1608 1609 1610 1611 1612 1613 1614 1615 1616 1617 1618 1619 1620 1621 1622 1623 1624 1625 1626 1627 1628 1629 1630 1631 1632 1633 1634 1635 1657 1658 1659 1660 1661 1662 1663 1664 1665 1668 1709 1711 1712 1713 1714 1715 1716 1717 1718 1719 1720 1721 1722 1723 1724 1725 1726 1769 1770 1771 1772 1773 1774 1775 1776 1777 1778 1779 1780 1781 2012 2014 2015 2016 2017 2018 2019 2020 2021 2022 2023 2024 2025 2026 2027 2028 2029 2180 2182 2183 2184 2185 2313 2315 2316 2317 2318 2319 2320 2609 2610 2612 2613 2614 2615 2616 2617 2618 3233 3234 3235 3236 3237 3238 3239 3247 3248 3249 3250 3251 3252 3253 3254 3255 3257 3258 3259 3260 3261 3262 3263 3281 3283 3284 3285 3292 3293 3294 3295 3296 3297 3298 3299 3300 3301 3302 3303 3304 3305 3306 3307 3308 3309 3310 3311 3312 3313 3314 3315 3316 3317 3318 3319 3320 3322 3323 3343 3418 3419 3420 3421 3422 3423 3424 3425 3426 3428 3429 3432 3433 3434 3459 3460 3461 3463 3464 3465 3466 3467 3468 3469 3470 3471 3472 3473 3474 3475 3476 3477 3478 3479 3480 3481 3482 3483 3484 3485 3486 3487 3489 3490 3491 3492 3493 3494 3495 3511 3512 3513 3514 3515 3516 3517 3518 3519 3520 3521 3522 3523 3524 3525 3527 3528 3529 3531 3533 3534 3536 3537 3538 3539 3874 3876 3877 3878 3879 3880 3882 4252 4253 4255 4256 4257 4258 4259 4275 4276 
